CANDANCHU -9.2 12.0 42.5 77 -8.9 11.5 39.5 77 -9.5 12.7 39.5 56 -9.0 12.0 33.5 56 -9.3 11.8 33.5 56 -8.7 12.2 46.3 56 -9.1 12.1 46.3 56
BAQUEIRA_BERET -5.4 10.1 43.2 75 -5.0 10.0 46.3 75 -5.2 10.4 46.3 120 -5.1 10.2 25.4 120 -5.5 9.9 25.4 77 -5.3 10.7 52.6 77 -5.0 10.0 52.6 77
ASTUN -6.0 6.2 44.6 102 -5.8 6.5 52.6 102 -6.3 6.3 52.6 102 -6.5 6.0 46.1 102 -6.2 6.1 46.1 109 -6.0 6.6 35.9 109 -6.1 6.3 35.9 109
LEITARIEGOS -4.3 6.8 50.3 110 -4.0 6.6 35.9 110 -4.2 6.9 35.9 100 -4.1 7.0 66.1 100 -4.4 6.8 66.1 103 -4.5 7.1 39.5 103 -4.3 6.9 39.5 103
TAVASCAN -6.5 9.4 44.6 66 -5.8 8.8 33.5 66 -6.2 9.1 33.5 55 -6.3 9.0 42.5 55 -6.1 8.9 42.5 77 -6.0 9.3 46.3 77 -6.4 9.1 46.3 77
FORMIGAL_PANTICOSA -3.8 7.5 49.3 89 -3.6 7.6 25.4 89 -3.9 7.3 25.4 56 -3.7 7.4 43.2 56 -3.5 7.2 43.2 75 -3.4 7.8 52.6 68 -3.8 7.5 52.6 68
SIERRA_NEVADA -1.2 7.3 48.5 85 -1.0 7.0 46.1 85 -1.3 7.5 46.1 77 -1.1 7.2 44.6 77 -1.4 7.1 44.6 102 -0.9 7.9 35.9 105 -1.0 7.4 35.9 105
JAVALAMBRE -3.4 6.3 47.9 45 -3.1 6.6 66.1 45 -3.3 6.1 66.1 109 -3.6 6.0 39.5 109 -3.5 6.1 39.5 110 -3.2 6.8 47.9 110 -3.4 6.2 47.9 110
SAN_ISIDRO -3.0 6.2 41.2 56 -2.7 6.5 42.5 56 -2.9 6.3 42.5 103 -3.1 6.4 46.3 103 -3.0 6.2 46.3 56 -2.8 6.7 41.2 56 -2.9 6.3 41.2 56
PORT_AINE -3.0 5.9 39.5 120 -3.3 6.2 43.2 120 -3.2 5.8 43.2 77 -3.0 6.1 52.6 77 -3.1 6.0 52.6 120 -3.2 6.4 33.5 115 -3.0 6.2 33.5 115
LA_PINILLA -3.1 5.2 46.3 102 -3.0 5.7 44.6 102 -3.2 5.5 44.6 75 -3.1 5.8 35.9 75 -3.0 5.6 35.9 102 -2.9 6.0 25.4 102 -3.1 5.6 25.4 102
CERLER -4.1 7.0 52.6 100 -4.3 6.8 50.3 100 -4.4 7.2 50.3 102 -4.5 6.9 39.5 102 -4.0 7.0 39.5 100 -4.2 7.3 46.1 100 -4.3 7.1 46.1 100
BENASQUE -5.4 6.9 35.9 55 -5.0 7.1 44.6 55 -5.2 7.0 44.6 110 -5.1 6.8 46.3 110 -5.5 6.7 46.3 55 -5.0 7.4 66.1 55 -5.3 7.0 66.1 55
VALGRANDE_PAJARES -4.7 7.5 33.5 56 -4.5 7.3 49.3 56 -4.6 7.6 49.3 66 -4.8 7.4 52.6 66 -4.6 7.2 52.6 66 -4.5 7.7 42.5 66 -4.7 7.5 42.5 66
LA_MOLINA -1.0 6.6 25.4 77 -1.2 6.8 48.5 77 -1.1 7.0 48.5 89 -1.3 6.9 35.9 89 -1.2 6.7 35.9 89 -1.0 7.2 43.2 89 -1.1 6.9 43.2 89
SAN_ISIDRO -3.0 6.2 46.1 109 -2.7 6.5 47.9 109 -2.9 6.3 47.9 85 -3.1 6.4 47.9 85 -3.0 6.2 47.9 85 -2.8 6.7 44.6 85 -2.9 6.3 44.6 85
PORT_AINE -3.0 5.9 66.1 103 -3.3 6.2 41.2 103 -3.2 5.8 41.2 45 -3.0 6.1 41.2 45 -3.1 6.0 41.2 45 -3.2 6.4 39.5 45 -3.0 6.2 39.5 45
