FORMIGAL_PANTICOSA -1.5 7.2 42.5 85 0.3 8.5 42.7 99 2.1 6.9 44.7 72 4.4 5.2 23.5 91 2.3 6.7 33.4 92 1.1 9.3 22.5 82 3.2 8.1 42.3 70
ASTUN -2.7 6.8 40.5 84 -1.4 9.2 38.6 83 0.6 4.5 36.5 85 3.3 6.0 37.6 87 2.1 7.3 38.6 90 1.5 6.1 26.9 91 0.0 8.4 39.5 98
CANDANCHU -3.2 10.4 10.7 75 -2.5 7.8 10.7 75 -4.1 9.2 10.7 75 -1.7 5.5 12.3 82 -2.8 8.3 10.7 82 -3.0 12.1 10.7 82 -2.4 10.8 10.7 82
SIERRA_NEVADA 2.8 8.6 15.3 81 3.5 7.1 15.3 81 1.2 5.3 15.3 81 4.0 6.5 15.3 81 3.4 7.7 15.3 81 2.2 9.4 15.3 81 3.1 6.0 15.3 81
VALDEZCARAY 2.0 7.1 12.6 101 3.3 8.0 12.6 101 1.8 6.2 12.6 97 4.5 5.8 13.8 98 3.1 6.9 12.6 98 2.7 8.2 12.6 98 3.9 7.4 12.6 98
LA_MOLINA 1.5 6.4 17.9 86 2.0 5.7 17.9 86 0.9 8.2 17.9 86 3.2 6.1 17.9 86 2.3 7.0 17.9 86 1.7 9.5 17.9 86 2.6 8.3 17.9 86
LEITARIEGOS 0.7 51.0 20.6 120 1.4 52.0 20.6 120 0.2 52.6 20.6 120 2.0 7.2 24.5 110 1.6 5.9 20.6 110 0.4 8.1 20.6 94 1.9 6.8 20.6 110
BAQUEIRA_BERET 0.8 10.2 25.4 85 1.2 6.7 25.4 85 0.0 8.1 25.4 85 2.5 7.4 25.4 85 1.9 5.5 25.4 85 0.6 9.3 25.4 85 0.3 7.0 25.4 85
PORT_AINE 3.0 6.3 45.6 130 2.4 7.8 45.6 130 1.5 6.1 45.6 130 2.2 6.8 45.6 98 3.1 5.6 25.6 98 2.5 9.0 44.7 98 1.6 6.5 44.7 98
TAVASCAN 1.4 9.2 47.6 112 2.3 51.2 47.6 112 1.0 7.3 47.6 112 3.5 59.4 47.6 112 2.7 62.8 27.6 112 2.1 9.8 45.3 112 1.3 8.0 45.3 112
LA_PINILLA -1.0 5.7 49.3 90 0.5 8.0 49.3 90 -0.8 6.2 49.3 90 1.3 7.1 49.3 90 0.9 6.5 23.3 90 0.2 9.1 29.5 90 -0.4 7.4 29.5 90
JAVALAMBRE 0.4 6.5 22.9 84 1.0 7.4 22.9 84 0.3 5.2 22.9 84 2.8 6.3 22.9 84 1.1 6.7 22.9 84 0.7 8.3 22.9 84 1.5 7.5 22.9 84
VALGRANDE_PAJARES 3.1 6.8 26.8 95 3.6 7.2 26.8 95 2.4 5.5 26.8 95 4.2 6.0 26.8 95 3.5 6.2 26.8 95 2.9 7.6 26.8 95 3.2 50.0 26.8 95
CERLER -2.5 8.7 45.6 115 -1.2 9.1 45.6 115 -3.8 10.3 45.6 115 -2.1 7.5 45.6 96 -2.9 8.4 45.6 96 -3.1 9.9 36.2 96 -2.4 10.5 36.2 96
BENASQUE -3.7 8.0 49.7 101 -2.1 7.5 49.7 101 -4.2 6.6 49.7 101 -1.3 5.9 49.7 84 -2.6 6.8 49.7 84 -3.5 9.2 35.9 84 -2.0 8.3 35.9 84
ESPOT_ESQUI 1.0 5.5 23.6 95 2.3 6.9 23.6 95 0.8 7.0 23.6 95 1.5 6.5 23.6 95 2.0 5.6 23.6 95 1.2 8.4 23.6 95 0.9 7.1 23.6 95
PUERTO_DE_NAVACERRADA 0.5 6.3 50.8 87 1.2 8.0 50.8 87 0.1 6.9 50.8 87 1.9 6.2 50.8 87 1.0 5.8 50.3 87 0.7 7.5 29.6 87 1.3 6.4 29.6 87
LA_COVATILLA -2.2 7.8 45.2 105 3.0 6.5 45.2 105 1.6 7.2 45.2 105 2.1 8.1 45.2 105 2.5 6.3 45.2 105 3.2 7.6 40.2 99 1.8 7.0 40.2 105
