BAQUEIRA_BERET 1.2 8.7 26.5 82 2.4 7.5 26.5 82 0.9 8.2 26.5 96 2.7 6.0 29.4 96 1.5 7.0 29.4 96 0.8 9.1 29.4 96 1.2 7.5 29.4 96
FORMIGAL_PANTICOSA 0.7 5.8 28.7 84 1.2 7.2 28.7 84 2.4 6.5 28.7 97 3.1 6.0 31.6 97 2.0 5.9 31.6 97 0.9 8.2 31.6 97 1.7 6.8 31.6 97
VALGRANDE_PAJARES 3.2 6.8 32.6 80 3.5 7.1 32.6 80 2.2 5.7 32.6 84 4.0 6.3 35.4 84 3.1 6.1 35.4 85 2.3 7.2 35.4 85 3.1 6.5 35.4 85
LEITARIEGOS 1.4 6.2 39.7 84 1.6 6.8 39.4 84 0.7 5.9 39.7 86 2.3 7.0 32.9 86 1.5 6.3 32.9 94 1.0 8.0 32.9 94 1.8 6.5 32.9 94
CANDANCHU -2.8 9.1 31.2 95 -2.1 7.6 31.2 95 -3.5 9.0 31.2 89 -2.0 8.0 38.4 89 -3.0 8.8 38.4 89 -2.4 8.3 38.4 89 -2.5 9.2 37.6 84
ASTUN -2.5 6.5 22.9 97 -1.0 7.4 22.9 97 0.3 6.3 22.9 91 2.5 5.9 26.4 91 1.5 6.2 26.4 91 0.7 8.5 26.4 91 1.0 6.7 26.4 87
CERLER -1.1 7.8 25.8 88 0.3 6.9 25.8 88 -0.9 8.1 25.8 92 0.7 7.0 25.1 92 -0.6 6.5 25.1 92 -1.0 9.3 25.1 92 0.1 7.5 25.1 92
SIERRA_NEVADA 3.0 6.9 27.1 89 3.4 6.0 27.1 89 2.5 5.9 27.1 96 4.2 6.3 22.3 96 3.6 6.5 22.3 96 2.8 8.0 22.3 96 3.1 6.7 15.8 96
PORT_AINE 2.8 7.1 26.8 92 2.1 6.2 26.8 92 1.6 6.5 26.8 99 2.4 6.8 17.6 99 3.0 6.2 17.6 99 2.3 7.4 17.6 99 2.6 6.6 17.6 99
LA_MOLINA 1.6 5.7 29.4 96 1.9 6.2 29.4 96 1.1 7.1 29.4 88 2.8 5.9 19.4 88 2.0 6.4 19.4 88 1.7 8.3 19.4 88 1.9 6.5 19.4 88
JAVALAMBRE 0.8 6.4 31.6 97 1.2 6.9 31.6 97 0.3 5.7 31.6 82 2.1 6.3 26.5 82 1.7 5.9 26.5 99 0.6 7.5 26.5 99 1.4 6.4 26.5 99
SAN_ISIDRO 2.3 6.8 35.4 84 2.7 6.1 35.4 84 2.0 6.5 35.4 84 3.5 5.9 28.7 84 3.0 6.2 28.7 84 2.6 7.2 28.7 84 2.1 6.4 28.7 84
LA_PINILLA 0.5 5.8 32.9 86 1.2 6.3 32.9 86 0.8 6.9 32.9 80 1.5 6.4 32.6 80 1.3 6.1 32.6 80 0.3 8.0 32.6 80 1.0 6.5 29.4 80
TAVASCAN 1.5 7.8 38.4 89 1.8 6.5 38.4 89 1.2 7.0 38.4 84 2.8 6.2 39.7 84 2.0 5.8 39.7 84 1.7 8.2 39.7 84 2.3 7.0 39.7 84
BENASQUE -2.1 6.5 26.4 91 -1.2 7.0 26.4 91 -2.8 6.8 26.4 95 -1.6 6.0 31.2 95 -1.3 6.5 31.2 95 -2.0 8.0 31.2 95 -1.5 7.2 31.2 95
LA_COVATILLA 2.2 7.4 25.1 92 3.0 6.8 25.1 92 1.5 6.7 25.1 97 2.3 6.4 22.9 97 2.0 5.9 22.9 97 2.5 7.3 22.9 97 2.0 6.8 22.9 97
ESPOT_ESQUI 1.7 6.0 22.3 96 2.1 6.3 22.3 96 1.9 6.5 22.3 88 2.4 5.8 25.8 88 2.0 5.9 25.8 88 1.8 7.1 25.8 88 1.9 6.4 25.8 88
PUERTO_DE_NAVACERRADA 1.2 6.1 17.6 99 1.4 6.8 17.6 99 0.9 6.3 17.6 89 1.8 6.0 27.1 89 1.5 5.8 27.1 89 0.7 7.2 27.1 89 1.0 6.3 27.1 89
FORMIGAL_PANTICOSA 0.5 5.6 19.4 88 1.4 6.3 19.4 88 1.7 6.8 19.4 92 2.5 6.0 26.8 92 1.9 6.4 26.8 92 0.6 8.0 26.8 92 1.3 6.7 26.8 92
