BAQUEIRA_BERET 1.2 8.7 2.4 7.5 0.9 8.2 2.7 6.0 1.5 7.0 0.8 9.1 1.2 7.5
FORMIGAL_PANTICOSA 0.7 5.8 1.2 7.2 2.4 6.5 3.1 6.0 2.0 5.9 0.9 8.2 1.7 6.8
VALGRANDE_PAJARES 3.2 6.8 3.5 7.1 2.2 5.7 4.0 6.3 3.1 6.1 2.3 7.2 3.1 6.5
LEITARIEGOS 1.4 6.2 1.6 6.8 0.7 5.9 2.3 7.0 1.5 6.3 1.0 8.0 1.8 6.5
CANDANCHU -2.8 9.1 -2.1 7.6 -3.5 9.0 -2.0 8.0 -3.0 8.8 -2.4 8.3 -2.5 9.2
ASTUN -2.5 6.5 -1.0 7.4 0.3 6.3 2.5 5.9 1.5 6.2 0.7 8.5 1.0 6.7
CERLER -1.1 7.8 0.3 6.9 -0.9 8.1 0.7 7.0 -0.6 6.5 -1.0 9.3 0.1 7.5
SIERRA_NEVADA 3.0 6.9 3.4 6.0 2.5 5.9 4.2 6.3 3.6 6.5 2.8 8.0 3.1 6.7
PORT_AINE 2.8 7.1 2.1 6.2 1.6 6.5 2.4 6.8 3.0 6.2 2.3 7.4 2.6 6.6
LA_MOLINA 1.6 5.7 1.9 6.2 1.1 7.1 2.8 5.9 2.0 6.4 1.7 8.3 1.9 6.5
JAVALAMBRE 0.8 6.4 1.2 6.9 0.3 5.7 2.1 6.3 1.7 5.9 0.6 7.5 1.4 6.4
SAN_ISIDRO 2.3 6.8 2.7 6.1 2.0 6.5 3.5 5.9 3.0 6.2 2.6 7.2 2.1 6.4
LA_PINILLA 0.5 5.8 1.2 6.3 0.8 6.9 1.5 6.4 1.3 6.1 0.3 8.0 1.0 6.5
TAVASCAN 1.5 7.8 1.8 6.5 1.2 7.0 2.8 6.2 2.0 5.8 1.7 8.2 2.3 7.0
BENASQUE -2.1 6.5 -1.2 7.0 -2.8 6.8 -1.6 6.0 -1.3 6.5 -2.0 8.0 -1.5 7.2
LA_COVATILLA 2.2 7.4 3.0 6.8 1.5 6.7 2.3 6.4 2.0 5.9 2.5 7.3 2.0 6.8
ESPOT_ESQUI 1.7 6.0 2.1 6.3 1.9 6.5 2.4 5.8 2.0 5.9 1.8 7.1 1.9 6.4
PUERTO_DE_NAVACERRADA 1.2 6.1 1.4 6.8 0.9 6.3 1.8 6.0 1.5 5.8 0.7 7.2 1.0 6.3
FORMIGAL_PANTICOSA 0.5 5.6 1.4 6.3 1.7 6.8 2.5 6.0 1.9 6.4 0.6 8.0 1.3 6.7