CANDANCHU -9.2 12.0 -8.9 11.5 -9.5 12.7 -9.0 12.0 -9.3 11.8 -8.7 12.2 -9.1 12.1
BAQUEIRA_BERET -5.4 10.1 -5.0 10.0 -5.2 10.4 -5.1 10.2 -5.5 9.9 -5.3 10.7 -5.0 10.0
ASTUN -6.0 6.2 -5.8 6.5 -6.3 6.3 -6.5 6.0 -6.2 6.1 -6.0 6.6 -6.1 6.3
LEITARIEGOS -4.3 6.8 -4.0 6.6 -4.2 6.9 -4.1 7.0 -4.4 6.8 -4.5 7.1 -4.3 6.9
TAVASCAN -6.5 9.4 -5.8 8.8 -6.2 9.1 -6.3 9.0 -6.1 8.9 -6.0 9.3 -6.4 9.1
FORMIGAL_PANTICOSA -3.8 7.5 -3.6 7.6 -3.9 7.3 -3.7 7.4 -3.5 7.2 -3.4 7.8 -3.8 7.5
SIERRA_NEVADA -1.2 7.3 -1.0 7.0 -1.3 7.5 -1.1 7.2 -1.4 7.1 -0.9 7.9 -1.0 7.4
JAVALAMBRE -3.4 6.3 -3.1 6.6 -3.3 6.1 -3.6 6.0 -3.5 6.1 -3.2 6.8 -3.4 6.2
SAN_ISIDRO -3.0 6.2 -2.7 6.5 -2.9 6.3 -3.1 6.4 -3.0 6.2 -2.8 6.7 -2.9 6.3
PORT_AINE -3.0 5.9 -3.3 6.2 -3.2 5.8 -3.0 6.1 -3.1 6.0 -3.2 6.4 -3.0 6.2
LA_PINILLA -3.1 5.2 -3.0 5.7 -3.2 5.5 -3.1 5.8 -3.0 5.6 -2.9 6.0 -3.1 5.6
CERLER -4.1 7.0 -4.3 6.8 -4.4 7.2 -4.5 6.9 -4.0 7.0 -4.2 7.3 -4.3 7.1
BENASQUE -5.4 6.9 -5.0 7.1 -5.2 7.0 -5.1 6.8 -5.5 6.7 -5.0 7.4 -5.3 7.0
VALGRANDE_PAJARES -4.7 7.5 -4.5 7.3 -4.6 7.6 -4.8 7.4 -4.6 7.2 -4.5 7.7 -4.7 7.5
LA_MOLINA -1.0 6.6 -1.2 6.8 -1.1 7.0 -1.3 6.9 -1.2 6.7 -1.0 7.2 -1.1 6.9
SAN_ISIDRO -3.0 6.2 -2.7 6.5 -2.9 6.3 -3.1 6.4 -3.0 6.2 -2.8 6.7 -2.9 6.3
PORT_AINE -3.0 5.9 -3.3 6.2 -3.2 5.8 -3.0 6.1 -3.1 6.0 -3.2 6.4 -3.0 6.2